#
graph
182 2
1.000000 2.000000
1.000000 3.000000
1.000000 4.000000
1.000000 5.000000
1.000000 6.000000
1.000000 7.000000
1.000000 8.000000
1.000000 9.000000
1.000000 10.000000
1.000000 11.000000
1.000000 12.000000
1.000000 13.000000
1.000000 14.000000
2.000000 3.000000
2.000000 4.000000
2.000000 5.000000
2.000000 6.000000
2.000000 7.000000
2.000000 8.000000
2.000000 9.000000
2.000000 10.000000
2.000000 11.000000
2.000000 12.000000
2.000000 13.000000
2.000000 14.000000
3.000000 4.000000
3.000000 5.000000
3.000000 6.000000
3.000000 7.000000
3.000000 8.000000
3.000000 9.000000
3.000000 10.000000
3.000000 11.000000
3.000000 12.000000
3.000000 13.000000
3.000000 14.000000
4.000000 5.000000
4.000000 6.000000
4.000000 7.000000
4.000000 8.000000
4.000000 9.000000
4.000000 10.000000
4.000000 11.000000
4.000000 12.000000
4.000000 13.000000
4.000000 14.000000
5.000000 6.000000
5.000000 7.000000
5.000000 8.000000
5.000000 9.000000
5.000000 10.000000
5.000000 11.000000
5.000000 12.000000
5.000000 13.000000
5.000000 14.000000
6.000000 7.000000
6.000000 8.000000
6.000000 9.000000
6.000000 10.000000
6.000000 11.000000
6.000000 12.000000
6.000000 13.000000
6.000000 14.000000
7.000000 8.000000
7.000000 9.000000
7.000000 10.000000
7.000000 11.000000
7.000000 12.000000
7.000000 13.000000
7.000000 14.000000
8.000000 9.000000
8.000000 10.000000
8.000000 11.000000
8.000000 12.000000
8.000000 13.000000
8.000000 14.000000
9.000000 10.000000
9.000000 11.000000
9.000000 12.000000
9.000000 13.000000
9.000000 14.000000
10.000000 11.000000
10.000000 12.000000
10.000000 13.000000
10.000000 14.000000
11.000000 12.000000
11.000000 13.000000
11.000000 14.000000
12.000000 13.000000
12.000000 14.000000
13.000000 14.000000
2.000000 1.000000
3.000000 1.000000
4.000000 1.000000
5.000000 1.000000
6.000000 1.000000
7.000000 1.000000
8.000000 1.000000
9.000000 1.000000
10.000000 1.000000
11.000000 1.000000
12.000000 1.000000
13.000000 1.000000
14.000000 1.000000
3.000000 2.000000
4.000000 2.000000
5.000000 2.000000
6.000000 2.000000
7.000000 2.000000
8.000000 2.000000
9.000000 2.000000
10.000000 2.000000
11.000000 2.000000
12.000000 2.000000
13.000000 2.000000
14.000000 2.000000
4.000000 3.000000
5.000000 3.000000
6.000000 3.000000
7.000000 3.000000
8.000000 3.000000
9.000000 3.000000
10.000000 3.000000
11.000000 3.000000
12.000000 3.000000
13.000000 3.000000
14.000000 3.000000
5.000000 4.000000
6.000000 4.000000
7.000000 4.000000
8.000000 4.000000
9.000000 4.000000
10.000000 4.000000
11.000000 4.000000
12.000000 4.000000
13.000000 4.000000
14.000000 4.000000
6.000000 5.000000
7.000000 5.000000
8.000000 5.000000
9.000000 5.000000
10.000000 5.000000
11.000000 5.000000
12.000000 5.000000
13.000000 5.000000
14.000000 5.000000
7.000000 6.000000
8.000000 6.000000
9.000000 6.000000
10.000000 6.000000
11.000000 6.000000
12.000000 6.000000
13.000000 6.000000
14.000000 6.000000
8.000000 7.000000
9.000000 7.000000
10.000000 7.000000
11.000000 7.000000
12.000000 7.000000
13.000000 7.000000
14.000000 7.000000
9.000000 8.000000
10.000000 8.000000
11.000000 8.000000
12.000000 8.000000
13.000000 8.000000
14.000000 8.000000
10.000000 9.000000
11.000000 9.000000
12.000000 9.000000
13.000000 9.000000
14.000000 9.000000
11.000000 10.000000
12.000000 10.000000
13.000000 10.000000
14.000000 10.000000
12.000000 11.000000
13.000000 11.000000
14.000000 11.000000
13.000000 12.000000
14.000000 12.000000
14.000000 13.000000
#
means
182 2
-0.596845 -59.773762
1.112818 -117.470432
16.016898 -117.196001
18.529572 -59.390058
18.500304 0.244287
-5.923113 -141.039923
-8.726263 -158.931410
-3.845356 -199.031166
19.642209 -199.486912
24.495313 -158.681344
21.385920 -139.426824
8.220737 -208.741467
7.872185 -253.828332
1.633174 -59.030643
17.029461 -58.888015
19.546379 -0.150480
18.807119 59.624722
-4.400504 -84.450352
-7.818063 -101.651938
-2.994367 -142.339518
21.316724 -142.765904
26.365762 -101.368875
23.144902 -82.830286
9.544185 -152.215656
9.658370 -197.668168
16.659667 0.074488
18.148599 58.779021
17.273294 117.474079
-5.790904 -28.603901
-10.029987 -44.534014
-4.866420 -86.148420
21.622010 -86.571236
27.032585 -44.167698
23.503280 -26.821164
8.781065 -96.459942
9.198072 -142.613958
2.711417 58.756738
2.345221 117.437363
-22.511794 -28.691243
-26.779033 -44.557264
-21.563860 -86.172727
4.963388 -86.644332
10.368280 -44.269552
6.819239 -26.950606
-7.897649 -96.503420
-7.471827 -142.658821
-0.445034 59.943425
-24.107125 -84.203540
-27.670481 -101.341659
-22.754776 -142.063080
1.642298 -142.610577
6.786021 -101.210470
3.630139 -82.659050
-10.164536 -152.012501
-9.937193 -197.440564
-23.655438 -140.914503
-26.817087 -158.710981
-21.906856 -198.888329
1.738062 -199.622165
6.674466 -158.919308
3.765318 -139.542230
-9.700556 -208.716707
-9.703093 -253.749297
-4.439832 -15.497981
0.804316 -57.107521
27.717572 -57.474980
33.281145 -15.075975
29.533130 1.852609
14.661406 -67.428782
15.041111 -113.704108
5.255915 -41.579967
32.108831 -41.981623
37.676739 0.415842
33.991304 17.334034
19.077185 -51.924133
19.464553 -98.191686
26.851041 -0.419367
32.387510 41.962568
28.750543 58.910973
13.827514 -10.365580
14.233335 -56.641585
5.492311 42.394972
1.771324 59.398506
-13.021406 -9.946049
-12.613133 -56.221677
-3.716947 16.998029
-18.540351 -52.315746
-18.142881 -98.588556
-14.859561 -69.283178
-14.420617 -115.592773
0.407077 -46.274953
0.596845 59.773762
-1.112818 117.470432
-16.016898 117.196001
-18.529572 59.390058
-18.500304 -0.244287
5.923113 141.039923
8.726263 158.931410
3.845356 199.031166
-19.642209 199.486912
-24.495313 158.681344
-21.385920 139.426824
-8.220737 208.741467
-7.872185 253.828332
-1.633174 59.030643
-17.029461 58.888015
-19.546379 0.150480
-18.807119 -59.624722
4.400504 84.450352
7.818063 101.651938
2.994367 142.339518
-21.316724 142.765904
-26.365762 101.368875
-23.144902 82.830286
-9.544185 152.215656
-9.658370 197.668168
-16.659667 -0.074488
-18.148599 -58.779021
-17.273294 -117.474079
5.790904 28.603901
10.029987 44.534014
4.866420 86.148420
-21.622010 86.571236
-27.032585 44.167698
-23.503280 26.821164
-8.781065 96.459942
-9.198072 142.613958
-2.711417 -58.756738
-2.345221 -117.437363
22.511794 28.691243
26.779033 44.557264
21.563860 86.172727
-4.963388 86.644332
-10.368280 44.269552
-6.819239 26.950606
7.897649 96.503420
7.471827 142.658821
0.445034 -59.943425
24.107125 84.203540
27.670481 101.341659
22.754776 142.063080
-1.642298 142.610577
-6.786021 101.210470
-3.630139 82.659050
10.164536 152.012501
9.937193 197.440564
23.655438 140.914503
26.817087 158.710981
21.906856 198.888329
-1.738062 199.622165
-6.674466 158.919308
-3.765318 139.542230
9.700556 208.716707
9.703093 253.749297
4.439832 15.497981
-0.804316 57.107521
-27.717572 57.474980
-33.281145 15.075975
-29.533130 -1.852609
-14.661406 67.428782
-15.041111 113.704108
-5.255915 41.579967
-32.108831 41.981623
-37.676739 -0.415842
-33.991304 -17.334034
-19.077185 51.924133
-19.464553 98.191686
-26.851041 0.419367
-32.387510 -41.962568
-28.750543 -58.910973
-13.827514 10.365580
-14.233335 56.641585
-5.492311 -42.394972
-1.771324 -59.398506
13.021406 9.946049
12.613133 56.221677
3.716947 -16.998029
18.540351 52.315746
18.142881 98.588556
14.859561 69.283178
14.420617 115.592773
-0.407077 46.274953
#
std_devs
182 2
32.051950 33.818434
48.779257 59.142557
60.862712 59.806249
62.880406 39.985839
64.326598 32.853912
75.676988 86.449371
68.521536 79.449583
66.849179 81.626041
79.341679 82.288071
85.587036 80.234667
89.724683 85.997029
70.322892 86.224146
85.242267 97.121723
35.866370 37.420458
51.411395 38.622123
52.928866 24.244678
62.644948 41.202537
58.447866 68.998384
51.537221 59.119966
48.614493 59.764199
65.905382 60.646905
74.066562 60.250605
76.129804 68.865127
52.943721 64.496932
66.759756 75.740508
32.135644 10.270822
51.078909 39.556511
60.944887 60.779886
58.851393 55.136783
44.300666 38.241330
35.154945 34.379439
52.011931 35.549636
63.267739 39.546021
71.465162 54.960734
38.661183 39.674491
59.290249 53.556659
35.181350 37.686751
48.530922 59.772016
73.313200 56.197276
64.215292 40.072233
51.975496 35.735912
35.127562 34.627540
43.844167 37.863858
57.653753 53.841986
38.865993 39.918443
59.555588 53.784007
31.602156 34.588807
77.424142 70.762681
74.371348 61.337865
65.432234 61.059446
47.960537 60.085339
50.934889 58.931535
57.650103 67.722889
52.550498 64.925787
66.554817 76.140279
90.404046 88.281407
86.089607 81.423695
79.335685 82.780287
66.341874 82.122438
67.802548 79.560055
74.751377 85.555991
70.209847 86.728923
85.112237 97.701778
29.554973 29.721583
43.027837 44.888210
72.948304 48.892374
81.787961 45.228812
79.077383 44.459847
53.275982 48.133831
55.210664 52.182259
25.747935 24.215435
67.323145 31.304057
78.827130 32.380424
80.428612 44.097068
44.358790 30.418020
53.343895 38.624712
51.330181 16.116188
66.275290 31.040904
70.870715 47.624213
26.055384 12.909241
38.707068 25.673379
25.557412 23.940686
42.401853 43.490125
26.665069 12.782185
39.685631 25.577513
29.860362 29.030683
44.082640 30.181023
53.803870 38.697362
52.096603 46.903246
54.950107 51.316071
25.934435 19.009251
32.051950 33.818434
48.779257 59.142557
60.862712 59.806249
62.880406 39.985839
64.326598 32.853912
75.676988 86.449371
68.521536 79.449583
66.849179 81.626041
79.341679 82.288071
85.587036 80.234667
89.724683 85.997029
70.322892 86.224146
85.242267 97.121723
35.866370 37.420458
51.411395 38.622123
52.928866 24.244678
62.644948 41.202537
58.447866 68.998384
51.537221 59.119966
48.614493 59.764199
65.905382 60.646905
74.066562 60.250605
76.129804 68.865127
52.943721 64.496932
66.759756 75.740508
32.135644 10.270822
51.078909 39.556511
60.944887 60.779886
58.851393 55.136783
44.300666 38.241330
35.154945 34.379439
52.011931 35.549636
63.267739 39.546021
71.465162 54.960734
38.661183 39.674491
59.290249 53.556659
35.181350 37.686751
48.530922 59.772016
73.313200 56.197276
64.215292 40.072233
51.975496 35.735912
35.127562 34.627540
43.844167 37.863858
57.653753 53.841986
38.865993 39.918443
59.555588 53.784007
31.602156 34.588807
77.424142 70.762681
74.371348 61.337865
65.432234 61.059446
47.960537 60.085339
50.934889 58.931535
57.650103 67.722889
52.550498 64.925787
66.554817 76.140279
90.404046 88.281407
86.089607 81.423695
79.335685 82.780287
66.341874 82.122438
67.802548 79.560055
74.751377 85.555991
70.209847 86.728923
85.112237 97.701778
29.554973 29.721583
43.027837 44.888210
72.948304 48.892374
81.787961 45.228812
79.077383 44.459847
53.275982 48.133831
55.210664 52.182259
25.747935 24.215435
67.323145 31.304057
78.827130 32.380424
80.428612 44.097068
44.358790 30.418020
53.343895 38.624712
51.330181 16.116188
66.275290 31.040904
70.870715 47.624213
26.055384 12.909241
38.707068 25.673379
25.557412 23.940686
42.401853 43.490125
26.665069 12.782185
39.685631 25.577513
29.860362 29.030683
44.082640 30.181023
53.803870 38.697362
52.096603 46.903246
54.950107 51.316071
25.934435 19.009251
